527827 1747 274
641979 699 334
684690 1170 356
828195 675 431
1066028 428 555
1101774 1614 573
1135072 352 591
1140186 1626 593
1142106 1626 594
1184304 1584 616
1186226 1586 617
1188143 1583 618
1195822 1582 622
1197743 1583 623
1197745 1585 623
1197746 1586 623
1197747 1587 623
1205424 1584 627
1207329 1569 628
1207344 1584 628
1207348 1588 628
1209269 1589 629
1216930 1570 633
1216950 1590 633
1216951 1591 633
1339918 1678 697
1341838 1678 698
1345637 1637 700
1349519 1679 702
1359079 1639 707
1387918 1678 722
1387919 1679 722
1391757 1677 724
1405183 1663 731
1410942 1662 734
1420553 1673 739
1599560 200 833
